.Random.seed <-
c(10403L, 130L, -1754295759L, 1877828707L, 1555909682L, -1772041852L, 
-956960825L, 9331357L, -681147884L, 704868538L, 68607237L, -839817505L, 
-1254495386L, -578778384L, 1108040211L, 1864643505L, -362324384L, 
-173175810L, 1896870793L, 1396659387L, 2131071114L, 2106848108L, 
-1173047057L, 1736200997L, -1856643620L, -1763144782L, -916852051L, 
1728350823L, 1476516238L, 1551838824L, 2011150955L, -82668535L, 
-92091752L, -891998778L, 1823763745L, -2098725453L, -1148618462L, 
-452873452L, 831433623L, 869774221L, -1152438620L, -618430326L, 
519235317L, 1467341135L, -1664887210L, 1884695808L, -1675691965L, 
-157475871L, -1999027376L, -550865490L, -1728308391L, 1379553643L, 
-156067622L, 1434931612L, 661667231L, -203296779L, 2010979980L, 
-402556062L, 539202365L, -1367252041L, 844097630L, 2134115736L, 
175550715L, -813060967L, -1266586328L, 1523620822L, -1592631215L, 
1139970819L, 1540006546L, -960655324L, -444989721L, 1658966845L, 
-1718080588L, -916793318L, 17869669L, 515208703L, -1895516026L, 
-132029424L, -28027213L, 399852881L, 909909248L, -547280930L, 
-701176791L, 2063533019L, 1101928682L, 832222860L, 2066541007L, 
-1018405499L, -3750340L, -336426222L, -1441748979L, 1213602631L, 
-485699282L, -1541908344L, 56229259L, 496633193L, -1913362632L, 
-446895642L, 1300254081L, -547856109L, 1871380162L, 1760164212L, 
1050665335L, -948063635L, 1003502852L, -1304455126L, 1635415445L, 
-984131025L, -2122504394L, -542959776L, -597852765L, -1848035647L, 
1129139888L, 1263348174L, 1546337593L, -643583669L, -1650535686L, 
116638716L, 1664230463L, -1216127723L, -287422932L, -847189246L, 
1220818909L, -1073372457L, -514310722L, 265287672L, 142177243L, 
1086672441L, -520874104L, -2075531466L, -1617570447L, 262573987L, 
-13945102L, -2032337340L, -1943101177L, 1058265309L, -1275654700L, 
-994836230L, 1017485381L, 1609195679L, -374896090L, -1965211984L, 
-1013832877L, -1361260943L, 202273696L, -1918446786L, 151173705L, 
635850491L, 978276042L, 657297452L, -1779406801L, -1603413787L, 
-619826788L, 1751178226L, 445933165L, -345279577L, 1341894094L, 
375057192L, -2042584789L, -632923319L, -1636589480L, 1626707206L, 
956645601L, -361121677L, 1836455138L, 273179732L, 197871959L, 
1335011661L, 720588004L, 1639280842L, -1306075851L, -922750065L, 
-1992267626L, 1933572160L, 1291264259L, -2072081119L, -1100145136L, 
-169447954L, 1511547289L, 76197419L, -1938524390L, -366096932L, 
-640601121L, -1268042827L, -1409856180L, -2079904862L, 1437827837L, 
1158110199L, 1805452574L, -763402280L, 167803195L, 582536921L, 
1789977192L, -1474673770L, -134519023L, 1987592387L, 638836946L, 
-707312284L, -424773465L, -981643779L, 319516660L, 196253914L, 
-623781339L, -1605388481L, -2026146618L, 745220432L, 913316211L, 
911156113L, -302533184L, -1716228194L, -499166871L, -77258341L, 
469046442L, -967404852L, -2139038833L, -1439391803L, 1631470460L, 
-871973934L, 666794829L, 1001572871L, -1304356370L, 1942058184L, 
-1759388725L, 1744113193L, -1446067080L, 1026720166L, 1811178433L, 
213356627L, 1549506306L, 822797628L, 1242321010L, -54955408L, 
-158762460L, 1931388984L, 2108975386L, 1274422480L, 537389372L, 
-971058284L, -362707070L, 1206021056L, -544344516L, -873684592L, 
787200034L, 1001641224L, -1229576052L, -1343754468L, 818615442L, 
-737192576L, 475676692L, 1661323048L, 339461690L, 1079939536L, 
-1926022804L, 2041627572L, 1509296658L, -1205688352L, 205138380L, 
-23496480L, -941175774L, 868594472L, -1403299316L, -431361220L, 
-1616957454L, 741303024L, -291661244L, -873447848L, 962180922L, 
216633328L, -756014404L, -133040876L, 491764930L, 145955936L, 
1391977852L, 2116132816L, -1368403678L, 1219147432L, -1337288820L, 
1069966524L, 1615477554L, 1820231232L, 2048509108L, -1161759672L, 
-1392036422L, -1131120112L, -490693396L, -457342636L, -1810140398L, 
-73667168L, 1411726028L, -819660192L, -2107781182L, 317977384L, 
1657338284L, 857464124L, 1758337906L, -1206522576L, -1865160924L, 
904987960L, 141182682L, 1054498704L, -75048196L, -249422956L, 
722891842L, 1784149248L, -2034137028L, 1427881296L, 702014626L, 
-2088981688L, -1141154036L, 798703324L, 711044946L, -1829063040L, 
1771305044L, -1519827992L, -1655051526L, 1341789520L, -1606025428L, 
1410671476L, 621847442L, 735949408L, -895084660L, -46319776L, 
333251554L, 71080872L, -546288436L, -1413113348L, -589285454L, 
-618215952L, 1529177540L, -588695208L, -16577158L, -829243984L, 
-1636424772L, -1990913964L, -226365502L, 208412704L, -2129268548L, 
256645712L, -1408096286L, -958693784L, 1010388556L, -36048644L, 
-811026446L, 2020779264L, 1854284660L, -1184292856L, -1465683526L, 
1281449424L, -580340756L, -1102197868L, -1476273198L, 1190111072L, 
301449548L, -1794166496L, 1054674818L, 1333954280L, -1472276244L, 
789272124L, 1860088690L, 51631728L, -889297884L, 1187671864L, 
1252022426L, 880275152L, -134427460L, -1436808556L, 2064376450L, 
1323471040L, -892172996L, 238147728L, -440084958L, -421760504L, 
-549683956L, -1092484452L, 1168586258L, -2093131392L, 58579476L, 
2125504040L, -1774198470L, 1688284112L, 182472300L, -38665420L, 
-1431035246L, -1092901536L, 1680874828L, 465990624L, -1722658910L, 
376749992L, 1146201996L, -2137355588L, -1351515278L, -638981904L, 
764679236L, -108694184L, 115830842L, -1692740752L, 984630332L, 
822053652L, -567241278L, 1658522848L, 636002172L, -200792368L, 
-1161086302L, 1312633896L, -2090917620L, -1958945860L, 1447341362L, 
491063232L, -282507724L, 192893896L, -1449333574L, 102735760L, 
-626327060L, -1259674540L, 1390680722L, -567817440L, -2009208372L, 
-1516370976L, 1270763202L, -1654086104L, -431669588L, 939454140L, 
1116475890L, -537997008L, -2001643356L, 1739479736L, -2073262246L, 
-2026693232L, 119041404L, 182405396L, -1914448574L, 683406080L, 
546489276L, -796675248L, 555797794L, 1451964744L, -473420788L, 
330654812L, -329677614L, -1748782080L, -1079494828L, 1566783976L, 
-597064710L, -1492442416L, -175002324L, -544176908L, 917406610L, 
1404163168L, 158042380L, 1774011104L, 105811298L, 1021019816L, 
375889484L, -682646660L, 830467890L, -499791248L, 69289548L, 
-39161827L, -1284890201L, 1423099088L, 1954063982L, -1921711845L, 
74601085L, -456554390L, -2072144632L, 1238909361L, 2112935459L, 
873255716L, -2124205102L, -431722457L, 648710769L, 421331126L, 
-951224236L, -128816923L, -775772945L, -909572056L, 510172294L, 
-1797572941L, 1254684693L, 1403861618L, 388007616L, -495174871L, 
-52577893L, -2040512916L, -307731846L, 698901423L, 30766777L, 
1112832206L, -1546587620L, 1193482637L, 589895671L, 1722891008L, 
-1416478370L, -838335957L, 613035309L, 1108554138L, -185692328L, 
-1739471167L, 2044279155L, -787746156L, 1472112418L, 338788919L, 
1364887297L, 12877318L, 330433604L, -1705724555L, 1424546015L, 
-1295537096L, -1332081642L, 366750755L, -1010181147L, 1524698626L, 
-496769936L, 2102268441L, -1425622005L, -773415172L, -54814934L, 
1205090655L, 950718697L, -399300610L, 906095596L, -1873748163L, 
-974994681L, 329554672L, 2000503438L, -175285061L, 344963229L, 
136102986L, -1986486680L, -566635951L, 1142280515L, 1423460420L, 
625773298L, -342650169L, -1976455023L, 468827670L, 2035498100L, 
-610420987L, -1275538097L, -2125387960L, -1276989722L, 309710867L, 
1871177589L, 621184850L, 513048480L, -1539700087L, 1136635579L, 
1028496652L, -311353190L, -923445745L, 1091633753L, 1446936302L, 
-1948328580L, 1496899053L, -1697138025L, -1821403808L, -215592642L, 
532838923L, -2081030515L, 975791034L, -1898612232L, 1532429729L, 
1258986323L, 942060148L, 1110414338L, 543143575L, -1436065695L, 
-620594010L, -758608732L, 101256533L, 254584319L, -354669416L, 
-1757079114L, 1136468547L, 1700923269L, 1509598242L, -936843504L, 
1874997945L, 1358309227L, -183998884L, -1746130038L, -717929601L, 
1754836681L, 1026205534L, 1443068940L, -938984483L, 626179815L, 
1320271632L, 945655342L, -460606245L, 1003772349L, 589502250L, 
-614387768L, -868498191L, 2000779875L, 906632804L, 188867986L, 
1983353447L, -1391113679L, 637609846L, -1939944300L, -1727995227L, 
-624398417L, -1455510424L, 232210502L, 1104274931L, 2102980949L, 
